14
10
15 15 14 10 11 10 15 10 12 7
14
13 10 7 10 8 11 10 12 12 12 7 8 11 9
12
10 15 14 10 12 15 9 14 10 7 12 12
15
9 9 7 15 11 11 15 8 11 12 10 7 14 14 14
10
9 13 11 10 15 14 7 11 9 14
16
16 13 12 7 7 14 16 11 10 11 12 8 8 13 8 10
16
14 13 13 11 12 13 12 15 12 13 10 16 12 13 12 16
10
16 8 10 10 9 9 10 8 13 15
13
15 8 16 14 16 15 10 8 8 9 16 13 7
15
12 11 8 14 15 7 16 16 13 9 16 11 13 7 7
10
9 7 11 15 7 10 15 13 7 11
10
16 13 10 10 13 8 8 10 11 15
15
16 11 11 14 13 10 9 14 9 12 9 14 13 15 7
11
10 8 11 10 13 10 14 9 15 13 12