14
10
16 11 16 13 15 7 11 9 16 16
12
7 7 10 11 11 11 13 13 12 7 11 7
14
14 15 8 12 7 13 15 10 8 13 13 15 11 9
15
12 11 16 15 13 12 15 13 12 11 14 10 9 7 14
10
8 13 13 8 9 10 11 8 8 8
12
10 13 7 10 13 9 15 10 13 9 16 10
13
13 8 7 10 11 14 7 7 15 8 14 7 9
10
13 13 8 8 10 13 16 15 13 15
11
11 14 11 7 7 15 15 15 13 13 7
10
11 12 13 11 8 12 9 11 15 15
14
13 14 8 12 10 8 15 12 13 14 13 12 12 7
14
16 11 15 9 16 9 16 11 8 12 13 8 13 11
15
7 7 13 7 15 12 8 9 8 12 13 15 7 15 9
10
16 10 13 16 16 15 9 8 9 15