13
12
14 7 16 14 12 8 7 8 12 16 10 8
16
12 12 14 10 16 13 7 11 9 9 14 7 16 11 16 16
12
10 7 14 9 8 14 7 12 16 9 7 14
13
9 7 14 12 11 7 9 14 12 10 13 13 10
11
15 14 7 9 8 14 9 15 11 8 15
15
10 9 9 12 14 13 8 11 16 14 7 14 14 12 10
13
12 16 10 8 8 12 11 12 7 14 12 11 8
13
13 10 16 7 12 10 10 10 14 10 9 10 11
16
16 12 13 12 16 7 11 15 7 9 8 9 13 12 16 16
15
14 13 9 12 14 16 12 15 11 14 13 13 8 8 9
15
14 11 12 14 13 8 15 14 16 14 13 11 16 7 13
16
10 9 7 8 15 12 11 16 13 13 12 9 16 7 12 16
10
15 9 11 16 9 14 15 13 8 10